time,x,y,z,phi,theta,psi,x_velocity,y_velocity,z_velocity,phi_velocity,theta_velocity,psi_velocity,rotor_speed1,rotor_speed2,rotor_speed3,rotor_speed4
0.06,-1.8092500201e-07,-7.14812077441e-08,10.0053342145,6.28287129342,0.000170085570058,0.0,-1.62875893172e-05,-1.69431425552e-05,0.177795436442,-0.0185770754098,0.00797469148784,0.0,460.42253171983975,461.05285965541145,461.84211134288984,460.37490232465706
0.12000000000000001,-7.29895672039e-06,-1.28691791116e-05,10.0219467553,6.28214131513,0.000242816694795,0.0,-0.000259585632185,-0.000514351258811,0.37591098079,-0.00171453165383,-0.0178876468583,0.0,467.98733921947775,465.97029875083797,466.45902898615714,467.773885227094
0.18,-2.39905103249e-05,-7.10726720576e-05,10.0525663543,6.2816532159,6.28233496346,0.0,-0.000159246105524,-0.00145701821797,0.644629439048,-0.0258172767955,-0.0188910753302,0.0,487.37164184214805,487.2967439512201,488.9445529720856,487.14594808337705
0.23999999999999996,-1.35939472683e-05,-0.000191962105363,10.0923570279,6.28068507585,6.28087331189,0.0,0.000623073170688,-0.00268473390465,0.681704322614,-0.0016433892653,-0.0385042606114,0.0,418.5128721114559,416.8023219784262,415.07680633118395,417.192585944406
0.3,7.79699057532e-05,-0.000403035129358,10.135417908,6.28031768203,6.27869265415,0.0,0.0026483324,-0.00437177671987,0.753612535224,-0.017065135008,-0.0323417984467,0.0,427.40089491862176,427.9250519227354,429.7661765334516,428.45731312192294
0.36000000000000004,0.00033449717148,-0.000727074378095,10.1831600856,6.27925455585,6.27704282264,0.0,0.00607976474761,-0.00653330843851,0.837733821991,-0.019059080456,-0.0192398698207,0.0,432.81961047551414,433.9204984932765,431.57689957496143,431.4086515278173
0.4200000000000001,0.000838353026342,-0.00120981781719,10.2376494577,6.27793552048,6.27548552987,0.0,0.0108552972708,-0.00968988083992,0.978466796488,-0.0285899136588,-0.0448463685173,0.0,451.4049846454775,449.33391306025266,450.7640213593001,449.9932424774537
0.48000000000000015,0.00166465056114,-0.00190999831641,10.300052636,6.27578042688,6.27288170429,0.0,0.0169659548235,-0.0138454609413,1.10152468524,-0.0575676072632,-0.0406463681677,0.0,444.6424497065738,444.98530108555974,446.6593676525789,444.28935302690473
0.5400000000000001,0.00288955971372,-0.00289546766948,10.3677291714,6.27189944502,6.27047414939,0.0,0.0240939964143,-0.0193454276317,1.15430209237,-0.0853252028563,-0.0391050814342,0.0,422.94310305844124,423.07489616300467,424.0072967435032,421.6124839832595
0.6000000000000002,0.00461669373563,-0.00431820747556,10.4407382453,6.26652659761,6.2680876973,0.0,0.0337254495935,-0.0286301800924,1.27919113016,-0.09970934035,-0.0411468239837,0.0,446.54718296963165,446.37981811855116,446.3356793836359,445.15353205041885
0.6600000000000003,0.00695615268614,-0.00639659432758,10.5201352473,6.26073412198,6.26528739228,0.0,0.0445157070914,-0.0412369611499,1.36725843236,-0.0908619571604,-0.0610026043476,0.0,436.19981710841597,434.53720428638786,433.8732586045982,434.607108788357
0.7200000000000003,0.0100344928739,-0.0093853251937,10.6064358159,6.25511222619,6.26159241402,0.0,0.0584903027408,-0.0589814207929,1.5092272337,-0.10007339333,-0.0627691740918,0.0,452.1750951592174,452.0301239747079,452.21592985019896,451.4660636063313
0.7800000000000004,0.0140057496069,-0.0135289292131,10.7000441395,6.24876473829,6.25738664457,0.0,0.0742822822232,-0.0797621815664,1.61088257157,-0.120793327439,-0.0917277558558,0.0,440.82626337492746,438.4228056212195,440.9106552609019,439.18541901070637
0.8400000000000004,0.0190460117317,-0.0190921359832,10.8007881126,6.24203223105,6.25221978194,0.0,0.0942920192763,-0.106416416646,1.74700576269,-0.0990073146795,-0.0767610834073,0.0,450.8182059848826,452.0197177700895,449.68098541986467,451.430889050592
0.9000000000000005,0.0254680773386,-0.0264920550728,10.9119560746,6.23569729388,6.24773694972,0.0,0.120304143013,-0.140953376291,1.95820258083,-0.123868727812,-0.0709072332906,0.0,473.3781516504348,473.82435178391444,475.58087134528984,473.6635716282273
0.9600000000000005,0.033523183295,-0.0360769854168,11.034847865,6.22793330096,6.24330722914,0.0,0.148681040544,-0.179388383552,2.13780445758,-0.143737909452,-0.0804224801592,0.0,466.7296750073371,465.9824823556228,465.5625407419257,463.99056222711755
1.0200000000000005,0.043475319881,-0.0482785437908,11.1707269535,6.21899680945,6.23911610533,0.0,0.183591619122,-0.228391248351,2.39090800526,-0.162162405384,-0.0543746832576,0.0,486.85635941624184,488.79776802085934,488.6609676242422,487.26669354642405
1.0800000000000005,0.0553802964221,-0.0632950430769,11.3163894055,6.2093482555,6.23611144448,0.0,0.21353963424,-0.273097073683,2.46426224577,-0.158234947007,-0.0426349873215,0.0,434.51842370623615,435.49977367731054,434.2546145485577,434.5586830843696
1.1400000000000006,0.069261293603,-0.0813785969048,11.4689969198,6.19965225529,6.23303768486,0.0,0.249441195683,-0.330719583367,2.62219359844,-0.169349576066,-0.0801133160499,0.0,463.4379159847578,460.48070183242015,461.7584058051299,460.8568531065286
1.2000000000000006,0.0854255091045,-0.103223547661,11.6320528573,6.19003350505,6.22770153469,0.0,0.289913065368,-0.398539014107,2.81240444215,-0.146579451935,-0.119468565297,0.0,472.9682149920848,469.9205187076249,472.2887020813594,474.01847688602936
1.2600000000000007,0.104004045015,-0.129106962896,11.8038745003,6.181918044,6.22062642537,0.0,0.330086351964,-0.465070817257,2.91457615481,-0.118981874963,-0.114988461625,0.0,446.9125790396077,447.26518864492186,445.187679417938,447.422704852709
1.3200000000000007,0.125099380115,-0.15908231919,11.9811976702,6.17432863153,6.21447923616,0.0,0.373717978081,-0.534804367993,2.99583728813,-0.148989536114,-0.0849291404695,0.0,440.14434119106636,442.61535983513045,441.7655544742666,439.2687096905085
1.3800000000000008,0.148744912785,-0.193106907684,12.1607225614,6.1651399673,6.20940222729,0.0,0.414904224893,-0.600125449589,2.98819265374,-0.163101673272,-0.0839997734571,0.0,412.66920946829595,412.7447669187193,412.8508687794054,411.5794255508846
1.4400000000000008,0.174898386947,-0.231131284254,12.3390818976,6.15549046667,6.204718762,0.0,0.457281951304,-0.668161706278,2.95703245499,-0.156626867605,-0.0682478663307,0.0,404.44161495657727,405.8522771793737,403.9440986060145,404.50014139680627
1.5000000000000009,0.20376888669,-0.27355851535,12.5167788674,6.14634850753,6.20016785395,0.0,0.505438361103,-0.746891500701,2.96599078606,-0.144983787282,-0.0988322693378,0.0,420.0414036898714,417.37515109588537,418.0768406875146,419.0665265552181
1.560000000000001,0.236022327554,-0.321536123903,12.6997531823,6.137550935,6.19451029819,0.0,0.570282159256,-0.853268218647,3.13244694026,-0.150127366182,-0.0864890363572,0.0,468.5847365725899,469.53619173913455,469.67346781169607,469.25545927585415
1.620000000000001,0.272340749864,-0.376178456561,12.8932239449,6.12821977327,6.18872054453,0.0,0.640874267918,-0.969098887121,3.31576529279,-0.169373454513,-0.145256463475,0.0,478.34343853143963,473.83763935057743,476.2145065836703,474.7185097804569
1.680000000000001,0.312992047832,-0.43790300055,13.0970883077,6.11827440066,6.17968026942,0.0,0.715105270429,-1.08940548556,3.47884678619,-0.159365602845,-0.164604027001,0.0,472.3361802746333,470.8213874849934,470.9778315258386,471.726658400763
1.740000000000001,0.357828963181,-0.506314854544,13.3062108764,6.10884204536,6.16967034274,0.0,0.780338021037,-1.19180846683,3.49152334783,-0.153207926366,-0.171701435583,0.0,426.30363500184166,425.66870167512417,424.96745779156873,425.4703180884853
1.8000000000000012,0.407485468122,-0.582129617087,13.522173922,6.09948167094,6.15927867828,0.0,0.876026463007,-1.33629440914,3.70606897915,-0.162281055833,-0.176356440253,0.0,489.26882728546065,488.8962602199516,490.2030786342041,489.507726277015
1.8600000000000012,0.463149443916,-0.666855726762,13.7510284012,6.09019727797,6.14907064579,0.0,0.980573886142,-1.48885550202,3.92113407275,-0.142827834326,-0.159947975964,0.0,491.97088207511194,493.1594990289137,490.7504362135963,492.1719279796848
1.9200000000000013,0.525083254666,-0.760601019043,13.9909266925,6.08136577707,6.13929819553,0.0,1.08486081019,-1.63678856103,4.07439574997,-0.157767058486,-0.169474177532,0.0,475.846190776469,475.0928556208837,477.57220500866975,476.4123725816026
1.9800000000000013,0.593139844634,-0.862929625825,14.2375680669,6.07180005124,6.1296153116,0.0,1.18460236025,-1.77499313324,4.14617008557,-0.162973452132,-0.148782450574,0.0,451.64869867796074,453.2899981272014,454.24080636666946,453.79947689452314
2.0400000000000014,0.667698290498,-0.974182198716,14.4904892159,6.06236735852,6.12078481921,0.0,1.30152276317,-1.93428513471,4.28338337237,-0.14765625505,-0.144142860618,0.0,475.1598650282379,475.49667797398905,474.90411498035024,476.0558263794098
2.1000000000000014,0.748802935719,-1.09431017377,14.7476605609,6.05376048053,6.11242827411,0.0,1.40267574618,-2.07069563214,4.28842906487,-0.136144809594,-0.130992712783,0.0,435.1944365944291,436.27533107101453,435.13698142700684,436.07994862527556
2.1600000000000015,0.836615347199,-1.22342155944,15.0078196916,6.04534933821,6.10443159071,0.0,1.52509557502,-2.23370562704,4.38253279134,-0.149813992012,-0.138286789499,0.0,466.63170492076364,466.0464016736677,465.71741599813936,464.6294279616429
2.2200000000000015,0.931835247174,-1.36235373079,15.2729921405,6.0363261005,6.09590833426,0.0,1.64961724521,-2.39810593763,4.4555530657,-0.151557793838,-0.15090649889,0.0,462.34437645815296,461.3307883036768,460.8504962449822,460.69222338285584
2.2800000000000016,1.03420397207,-1.51069217677,15.5399498245,6.02711988925,6.08666491656,0.0,1.76340825626,-2.54723223863,4.44240369135,-0.157482440415,-0.161238646034,0.0,435.3189263544861,434.43024175770125,435.91408834760335,435.39585709163646
2.3400000000000016,1.14462448671,-1.66948674901,15.8111487145,6.01724364574,6.07657581209,0.0,1.91815004141,-2.74668714562,4.59596550287,-0.185244286832,-0.187857460822,0.0,491.5210613688351,489.51924371763545,490.4628074702746,488.37243289514225
2.4000000000000017,1.2631993145,-1.83876555458,16.0852283332,6.00640052014,6.06549967233,0.0,2.03520634217,-2.89676759871,4.53941936076,-0.17294153825,-0.178787089087,0.0,425.9591944329039,426.69961374532943,423.87903302141007,424.9017725055033
2.4600000000000017,1.38946261236,-2.01782164882,16.3579214767,5.9961806314,6.05451265828,0.0,2.1744318034,-3.07254194622,4.54934281154,-0.165571071495,-0.193586456404,0.0,449.6532093832523,448.42010850002805,449.6265029100553,450.19586152894294
2.520000000000002,1.52436241122,-2.20770290348,16.6314306424,5.98693874338,6.04344782188,0.0,2.32311993796,-3.25752082963,4.56652126204,-0.137529363759,-0.170524915617,0.0,453.4921342410777,455.3084298310124,452.8576219758371,455.0854895616618
2.580000000000002,1.66850270042,-2.40898992243,16.9063282624,5.97871312303,6.03346701082,0.0,2.48231946536,-3.45261422441,4.59556119713,-0.136237176096,-0.159090820735,0.0,459.7021674411553,460.58196392438606,460.8510740794362,460.93656068255103
2.640000000000002,1.82177063483,-2.62142406369,17.1806051919,5.97141888714,6.02381447981,0.0,2.62729850131,-3.62907797447,4.54626076037,-0.102018435991,-0.164702287,0.0,437.2835214973162,436.7905955497354,434.8351755866874,437.6784001127824
2.700000000000002,1.98417200862,-2.8448867613,17.4528240723,5.96572968003,6.0138349305,0.0,2.78678607723,-3.82006702833,4.52678164559,-0.0833402442607,-0.169783322551,0.0,448.9450202238864,448.50629869028063,447.7785033177868,449.2879686704455
2.760000000000002,2.15743600372,-3.08117601174,17.7276166061,5.96077178512,6.00384822938,0.0,2.98938007579,-4.05640490044,4.63127017398,-0.081251501811,-0.160495812202,0.0,492.0790179996413,492.7425995621466,489.78082117058,489.93131390287505
2.820000000000002,2.34206559252,-3.33065980755,18.0052966904,5.95586922341,5.99401347532,0.0,3.1655819653,-4.26000147496,4.62365461927,-0.0826405751056,-0.171800770757,0.0,458.100073126625,457.17514233747136,459.32481080695186,459.20944324372283
2.880000000000002,2.53648499101,-3.59143094668,18.2794068746,5.9512960398,5.98342046813,0.0,3.31576479119,-4.43276430509,4.51284889775,-0.0657594983285,-0.188301317024,0.0,426.0064504423925,424.56088705945217,423.68128800442224,425.1255381916329
2.940000000000002,2.74029022912,-3.86288308017,18.5474597246,5.94694674945,5.97166664878,0.0,3.47850551731,-4.61595346108,4.42156002624,-0.0914251155964,-0.218811406335,0.0,435.0369758072999,432.4343082396479,433.7285638333959,431.5625695941476
3.000000000000002,2.95519997415,-4.14659502609,18.8133070638,5.94166500459,5.95838142288,0.0,3.68603653673,-4.84132177447,4.43843895796,-0.0819841243374,-0.227216687486,0.0,473.15559467400874,472.4624557152737,471.58955327363714,472.312415010836
3.0600000000000023,3.18287348751,-4.4439985139,19.0802129397,5.9368085488,5.94448095493,0.0,3.90397641798,-5.07226635506,4.45673525573,-0.0789333697649,-0.242521970987,0.0,476.98463456259464,475.764244144046,476.3494051409032,476.57788744558707
3.1200000000000023,3.42316403202,-4.75466780109,19.346166849,5.93189982542,5.92978589524,0.0,4.1066416894,-5.28359160754,4.40705119286,-0.0882959385535,-0.25018809649,0.0,456.7072091431418,456.03676450398774,458.47230641794357,457.72238467010277
3.1800000000000024,3.67586114084,-5.07811675279,19.6090112419,5.92664104626,5.91551719981,0.0,4.31748108709,-5.49827512809,4.35300150756,-0.0863785940356,-0.220462581974,0.0,458.7260135010456,461.0255769948391,457.9474843415995,458.0938923616977
3.2400000000000024,3.94246681041,-5.41548028632,19.8709647769,5.92192009801,5.90280234461,0.0,4.57003131643,-5.74724361067,4.3767697203,-0.0665686017116,-0.198766383006,0.0,489.105960643622,490.67934968657556,486.6459581892264,488.12238448295295
3.3000000000000025,4.22403726481,-5.7675187681,20.1332242307,5.91762131283,5.89045601893,0.0,4.81620056676,-5.98744728721,4.36344389711,-0.084464331892,-0.225876423764,0.0,481.2430133263636,479.1469399364653,481.81741605083346,480.4585279045912
3.3600000000000025,4.5190550998,-6.13274972327,20.391090296,5.91287470922,5.87684577419,0.0,5.01845492101,-6.18725287829,4.23103099144,-0.070121681422,-0.228828197219,0.0,442.18288319621763,441.88814277296365,443.150746977327,444.32339535602915
3.4200000000000026,4.82768047433,-6.51114397818,20.6436491306,5.90882806013,5.86330645182,0.0,5.26966754232,-6.42596748541,4.18579252319,-0.062567214892,-0.219974304914,0.0,475.8846230983255,476.515174675585,476.91422968765454,477.4879720422978
3.4800000000000026,5.15158764378,-6.90395120516,20.8933204937,5.90498798231,5.8498647194,0.0,5.52776732056,-6.6676644725,4.13474939921,-0.0670343490993,-0.233687754948,0.0,479.5827741279561,478.4936350935322,478.90188180186755,478.5592001453826
3.5400000000000027,5.48810728898,-7.30890401953,21.1336041947,5.90136985121,5.83586623941,0.0,5.69035779865,-6.83133962576,3.87445059648,-0.0494267816556,-0.232560576387,0.0,404.4433158021175,404.48475839668384,403.3425610882271,404.9271406963214
3.6000000000000028,5.83452731681,-7.72378019081,21.3581854425,5.89857762767,5.82148865133,0.0,5.85776652145,-6.99842528428,3.6113112554,-0.0413086001889,-0.259990368754,0.0,404.6634298913782,402.1205423087114,403.9825513117606,404.7126439806334
3.660000000000003,6.19180961664,-8.14928208637,21.5681216089,5.89609860763,5.80556102737,0.0,6.05244199674,-7.18538274246,3.38583138641,-0.0413338019343,-0.279563001565,0.0,420.8343275444591,419.05973800402893,420.7921296940341,420.78893995427705
3.720000000000003,6.56207613493,-8.58690998606,21.7663970449,5.89372333998,5.78873617593,0.0,6.29051309832,-7.40241283842,3.22195272355,-0.0363072061584,-0.282168975289,0.0,447.7566123210568,447.4654245486448,445.93151030099773,446.3412771992579
3.780000000000003,6.94492018352,-9.03630327917,21.9513983131,5.89151065149,5.7718071282,0.0,6.47180962067,-7.57790170358,2.94423193067,-0.0380448954943,-0.282114549223,0.0,404.3489578913831,404.2645255521213,404.406897731885,404.2495097010147
3.840000000000003,7.34333321135,-9.49939221353,22.1270161344,5.88917004535,5.75478739551,0.0,6.80902982155,-7.85816248739,2.90696003579,-0.0410134651499,-0.286944078267,0.0,499.49071837953176,499.0663413213228,499.16355249936527,498.9462365336669
3.900000000000003,7.75863804468,-9.97701690744,22.2944730441,5.88680615393,5.73756548217,0.0,7.03515039108,-8.06304705128,2.67377348377,-0.0363497059898,-0.287207654891,0.0,431.3531706858188,431.2445442596222,431.620479413383,432.0132160542415
3.960000000000003,8.18931032159,-10.468065986,22.4502117666,5.88484592974,5.72026575274,0.0,7.32105470177,-8.30536707445,2.51556501632,-0.0261757225542,-0.290665064102,0.0,465.3659395312174,465.01476859106054,463.9581220953701,464.7561266340739
4.020000000000002,8.63567276835,-10.9727277351,22.5938079937,5.88323949659,5.70275199704,0.0,7.55829638865,-8.51708878588,2.26971697865,-0.0279976970935,-0.294472051846,0.0,434.47578428341353,434.06753661048054,435.19602708392455,435.04326310777896
4.080000000000001,9.10022718765,-11.4924399015,22.7277465946,5.88164255857,5.6848881527,0.0,7.92693566995,-8.80640670293,2.1918871112,-0.023985984251,-0.30518650282,0.0,503.6686188936701,502.81377258976727,504.52465653827926,504.8142501243185
4.14,9.5867240001,-12.0293552629,22.8561490342,5.87980650841,5.66726198249,0.0,8.28964689679,-9.09059814039,2.08524668087,-0.049071409083,-0.277411375411,0.0,499.4705147109722,501.41454821178576,502.17048955750386,500.3465928035053
4.199999999999998,10.0916446046,-12.5814629347,22.9732633153,5.87710430936,5.65071945576,0.0,8.54137348268,-9.31350196736,1.81706664114,-0.0379923216087,-0.272511402118,0.0,445.7961674521338,446.1199355470165,441.97318494574057,442.8845416087214
4.259999999999997,10.6116020374,-13.146981338,23.0738231803,5.87502850954,5.6345181901,0.0,8.79084022864,-9.53768729442,1.53351249579,-0.0285497369458,-0.265465122359,0.0,440.7624980606617,441.27043691435676,442.3556087344574,443.13230697231523
4.319999999999996,11.1463611262,-13.7259552756,23.1568166675,5.87292255216,5.61859143305,0.0,9.03473752787,-9.7621109345,1.23161442363,-0.0532988148736,-0.265407722013,0.0,437.7911468657634,437.72371165534327,439.2364423987313,437.17752634049907
4.379999999999995,11.6952707906,-14.3182643616,23.2207987125,5.86926959348,5.60239332673,0.0,9.26252932029,-9.98233088877,0.899851542021,-0.0837864448336,-0.281123814357,0.0,429.1541801443204,427.74038034460796,430.2796405080582,427.6864494558
4.439999999999993,12.2595877942,-14.9247866552,23.2664961699,5.86394352392,5.58545762646,0.0,9.5479337742,-10.2356670438,0.621200188581,-0.101269527049,-0.284634410778,0.0,457.07302488646553,456.7146375763626,457.6420506317859,456.24124132684847
4.499999999999992,12.838892596,-15.5456120801,23.2927383843,5.85803612539,5.56839637661,0.0,9.76243339962,-10.4594552097,0.252074557852,-0.0933568030123,-0.283800822727,0.0,422.0459862499419,422.0312705670591,421.91626682485605,422.5902953388599
4.559999999999991,13.4317853153,-16.180381506,23.2972428891,5.85257979595,5.55199163587,0.0,10.0006723662,-10.7004402721,-0.103666347723,-0.0864981713364,-0.258156236218,0.0,432.07124123015086,434.15026690951305,433.47195771365284,434.04103478546864
4.6199999999999894,14.0396610669,-16.8301241153,23.2807519852,5.8474461199,5.53629331306,0.0,10.261642368,-10.9585653836,-0.447989668954,-0.083751554054,-0.269696135845,0.0,444.45474688796156,443.43820886470036,444.82023502021264,445.0391947377779
4.679999999999988,14.6609341401,-17.4945381277,23.2410431575,5.8422187982,5.52093611468,0.0,10.4476671811,-11.1898762119,-0.876839973385,-0.094892095148,-0.23727509539,0.0,407.5548182327616,410.3702522242381,409.16147465705643,408.1608349272862
4.739999999999987,15.299733485,-18.1759257658,23.1813206535,5.83685020825,5.50635189037,0.0,10.8443319584,-11.5235909145,-1.11740609806,-0.0804018207952,-0.25832399821,0.0,502.9629225797679,501.38323473312596,502.5190400196153,503.56299158594214
4.799999999999986,15.9592637208,-18.8762220854,23.1038944812,5.83179284114,5.49075395418,0.0,11.1393565203,-11.8206164737,-1.46601440938,-0.0934854718693,-0.263461108195,0.0,463.98479960588736,463.5161384783793,464.7722544615106,463.73962729280754
4.859999999999984,16.632975912,-19.5930988656,23.0020441563,5.8261321143,5.47519787178,0.0,11.3177832774,-12.0768532985,-1.930465738,-0.0961220007873,-0.251994618266,0.0,413.3278802891706,414.2645396610855,413.3558805399966,413.1150545103125
4.919999999999983,17.319731269,-20.3266569939,22.8740092085,5.82018671756,5.46013839117,0.0,11.5734860013,-12.376452528,-2.33973224254,-0.105801489965,-0.249060725305,0.0,448.0374126649579,448.2133886944445,449.0771879139526,448.2825490794416
4.979999999999982,18.0200198497,-21.0777801719,22.719539659,5.81397399097,5.44518338184,0.0,11.7692411203,-12.6627114271,-2.81115469029,-0.0993805012547,-0.249630913331,0.0,423.7618801660581,423.6472236159072,423.592495572201,424.13470018267464
5.0399999999999805,18.7356311332,-21.8479084025,22.5392863687,5.80783248357,5.43009202496,0.0,12.0832773054,-13.0095809563,-3.20049674177,-0.109095595395,-0.255593772719,0.0,473.6502060341147,473.13187154882064,475.93503542629065,475.1821298996528
